((("matplotlib" .
   [0 0 0 0 0 0 0 0 0 1])
  ("np" .
   [3 0])
  ("numpy" .
   [1 0 0 0 1])
  ("new" .
   [1 0 2])
  ("import" .
   [2 0 0 0 0 2])
  ("ob-ipython" .
   [0 0 0 0 0 0 0 1 0 0])
  ("require" .
   [1 0 0 0 0 0 0])
  ("is" .
   [1 0])
  ("the" .
   [3 0 0])
  ("parameter" .
   [3 0 0 0 0 0 0 0 0])
  ("in" .
   [2 0])
  ("paper" .
   [4 0 0 0 0])
  ("default" .
   [2 0 0 0 0 0 0])
  ("Maximum" .
   [1 0 0 0 0 0 0])
  ("distance" .
   [1 0 0 0 0 0 0 0])
  ("The" .
   [1 0 0])
  ("Distance" .
   [1 0 0 0 0 0 0 0])
  ("function" .
   [1 0 0 0 0 0 0 0])
  ("not" .
   [1 0 0])
  ("implementation" .
   [1 0 0 0 0 0 0 0 0 0 0 0 0 0])
  ("**" .
   [1 0])
  ("***" .
   [2 0 0])
  ("Experiments" .
   [1 0 0 0 0 0 0 0 0 0 0])
  ("Using" .
   [2 0 0 0 0])
  ("parameters" .
   [1 0 0 0 0 0 0 0 0 0])
  ("as" .
   [2 0])
  ("configuration" .
   [1 0 0 0 0 0 0 0 0 0 0 0 0])
  ("proposed" .
   [1 0 0 0 0 0 0 0])
  ("original" .
   [1 0 0 0 0 0 0 0])
  ("Shiee" .
   [1 0 0 0 0])
  ("Experiment" .
   [1 0 0 0 0 0 0 0 0 0])
  ("patch" .
   [1 0 0 0 0])
  ("size" .
   [1 0 0 0])
  ("network" .
   [1 0 0 0 0 0 0])
  ("setup" .
   [2 0 0 0 0])
  ("name" .
   [1 0 0 0])
  ("****" .
   [1 0 0 0])
  ("Experimental" .
   [1 0 0 0 0 0 0 0 0 0 0 0])
  ("DSC" .
   [1 0 0])
  ("TPF" .
   [1 0 0])
  ("FPF" .
   [1 0 0])
  ("CNN" .
   [1 0 0])
  ("PPV" .
   [1 0 0])
  ("HS" .
   [2 0])))
